276.30282497406006
267.55452394485474
270.6723780632019
268.12603783607483
289.2109160423279
270.4639570713043
267.7532730102539
258.98036098480225
255.75517010688782
257.8097081184387
256.33657598495483
257.2349388599396
255.78811693191528
257.15503096580505
297.5176451206207
255.87809085845947
256.697065114975
258.95161604881287
257.27565121650696
261.08716797828674
266.7067058086395
266.8436350822449
257.7094979286194
261.18743896484375
259.30149507522583
260.6145439147949
279.2223789691925
277.2084918022156
257.11679196357727
257.6045241355896
255.30477809906006
257.13146209716797
256.1818640232086
261.9132990837097
257.9512300491333
256.1974821090698
254.7939178943634
259.81320691108704
295.80772614479065
257.7320761680603
260.6850531101227
258.1884160041809
259.7808508872986
259.222895860672
258.70429396629333
258.2575001716614
260.4750919342041
258.02383613586426
259.5337541103363
307.5862247943878
255.47429394721985
285.0580270290375
258.91092801094055
259.4834499359131
282.6927561759949
