516.4013288021088
548.2791769504547
510.3846960067749
551.5680708885193
547.7385470867157
491.87120509147644
490.00460505485535
491.3314850330353
508.8956308364868
512.9043629169464
493.27525997161865
489.0982539653778
491.1875729560852
506.80149388313293
511.05112886428833
513.1606969833374
509.4607539176941
490.82305097579956
492.9422559738159
491.54031205177307
513.1525819301605
534.4415709972382
495.0867099761963
531.5888910293579
493.3937599658966
494.0410530567169
509.50750708580017
492.0622010231018
587.2936928272247
493.35953998565674
494.8321681022644
517.5407040119171
511.23468112945557
491.2550699710846
511.578547000885
511.48333382606506
512.6117949485779
494.6898798942566
491.95138597488403
490.7844350337982
493.33258295059204
508.84459114074707
551.2592499256134
492.57524490356445
490.87036299705505
495.30616307258606
523.5696499347687
498.82771921157837
496.6007318496704
513.5833239555359
512.5494379997253
495.4363582134247
492.8537881374359
495.65269899368286
527.870169878006
