246.85460782051086
221.94769716262817
208.05621194839478
209.59608697891235
239.55885410308838
256.51569414138794
209.47637486457825
209.0413520336151
245.37658596038818
199.16772508621216
216.19195199012756
221.6333990097046
206.17261505126953
220.31123089790344
186.80325412750244
168.57935690879822
171.69807386398315
210.14727210998535
200.19491505622864
196.38586592674255
173.4246780872345
203.40747380256653
227.75365900993347
248.23647594451904
246.3062641620636
206.0872449874878
245.19736099243164
200.85464096069336
211.78607082366943
223.18892097473145
155.97999382019043
148.638001203537
187.06296920776367
178.5327160358429
165.7447371482849
192.20616102218628
187.3301420211792
196.3877248764038
217.70075917243958
196.58846998214722
159.87011098861694
180.82569694519043
156.29151892662048
221.99264097213745
162.7435531616211
